-9.664973591324649282e-01 1.025785305671070402e+00
-9.632897691934347861e-01 9.654389967884590140e-01
-9.342082301528756849e-01 9.309716702971152502e-01
-9.486194456354372084e-01 8.927052626716454053e-01
-9.466755322238344927e-01 8.361978499986585378e-01
-9.041684926182985693e-01 8.031768356688422372e-01
-8.305534244537330357e-01 7.683513033783685442e-01
-8.234262062007451366e-01 7.280282697235764822e-01
-8.274136009047290408e-01 7.083593805412250477e-01
-8.320985561447236112e-01 6.235186758629047699e-01
-8.149178068435755096e-01 6.055664476832901544e-01
-7.974866930487043426e-01 5.809786240968131121e-01
-7.649940435424883445e-01 5.803804538448186223e-01
-7.410784590723011878e-01 5.524615511076357288e-01
-7.129815785843812703e-01 5.001227717928350414e-01
-6.944354058227267812e-01 5.354363105761911212e-01
-6.248828823735050886e-01 4.690115437668268550e-01
-6.380752894425828492e-01 4.701489717786166977e-01
-5.976922760421775616e-01 4.030596652203269903e-01
-6.452475032773813401e-01 3.600445591269219037e-01
-6.086370872932961307e-01 3.704130679009862703e-01
-5.891992866711072141e-01 3.253976462256745195e-01
-5.257569496783840446e-01 2.930970513692061630e-01
-5.852835994601620628e-01 2.960888111846810555e-01
-5.286868273956125686e-01 2.850710950557146517e-01
-5.126472255500215125e-01 2.572717476253076896e-01
-4.536390189909599857e-01 1.952242268033611006e-01
-4.367865238255792537e-01 2.215925698189148418e-01
-4.283832315824926962e-01 2.130279131906407941e-01
-3.794932733445403050e-01 1.237041726944055620e-01
-4.147823415495733856e-01 1.561099804317765682e-01
-4.088571390833940500e-01 1.432374588994892173e-01
-3.527422373437202330e-01 1.323851337260043837e-01
-3.436772796326026946e-01 1.305901175025509786e-01
-3.199034488314471680e-01 1.293031191264669144e-01
-2.710440271516089683e-01 1.357274220836355294e-01
-3.055095596191456098e-01 3.011502057934795085e-02
-2.640272336927986241e-01 6.679839196906026122e-02
-2.283190828383586668e-01 3.623411211290084727e-02
-2.358814218266479246e-01 6.233551211333558661e-03
-1.935463816607642384e-01 4.935498627925131304e-02
-1.940878153039182208e-01 2.543883024027545833e-02
-1.495990019138129512e-01 1.841850285786490737e-03
-1.923805279609554220e-01 -8.702456026764688463e-03
-9.504469673331200630e-02 -6.549477335429147729e-03
-6.128683711319510286e-02 1.447373672473963382e-02
-6.801258374688536057e-02 -1.165379041320323966e-02
-5.495377383701125634e-02 -1.882965510478579879e-02
-4.951602867735470370e-02 -1.765385944775739804e-02
-1.341014512763267531e-02 -3.523798221291248728e-02
2.070001841331631232e-02 -2.652463962236276812e-02
7.635334384810139874e-02 3.661538304484389383e-02
2.478954983234086043e-02 -3.868517075148951000e-03
4.603268345192521038e-02 5.241094116972706829e-02
6.314223605013154217e-02 2.419132834572716023e-02
1.089522268320788911e-01 3.883208241622013862e-02
1.731642552377298805e-01 6.276047454666044273e-03
1.993535287869112882e-01 3.586432276072028941e-02
2.272831923350509542e-01 6.430091217035907580e-02
2.281251877182435550e-01 1.972890045955029079e-02
2.404262089731327157e-01 5.560067166405478767e-02
2.524674696824507625e-01 6.117969706804978619e-02
2.405686091254528036e-01 7.519631706846208186e-02
2.659779677480183513e-01 9.185458054166628639e-02
2.370038863327639800e-01 5.931043517532241099e-02
3.110399223604683461e-01 1.024467843852121945e-01
3.704766934555321911e-01 1.339610204908658619e-01
3.681651419302695571e-01 1.298709609997901193e-01
3.420647634932614256e-01 1.546196704000075695e-01
3.687563695056164104e-01 1.674370587967373702e-01
4.011301492629616439e-01 1.624660156548313750e-01
4.492591219507394706e-01 1.683003233161406709e-01
4.710425065984119586e-01 1.859254543156193540e-01
4.939871489314880959e-01 2.420064918999254300e-01
4.662659373042859490e-01 2.302121607715481022e-01
5.500046783772706283e-01 2.522446281942147817e-01
5.553067902849434523e-01 2.900079952736887012e-01
5.467166020534214299e-01 2.867584999165702642e-01
5.725706584514097530e-01 3.419644003276208766e-01
5.787639427086733734e-01 3.857439565330107456e-01
6.263977341470282623e-01 3.864022796370993884e-01
6.298461525091917368e-01 3.768601408297630462e-01
6.376707146309422702e-01 3.976297693859777715e-01
7.235450510222100062e-01 4.706669409361168843e-01
6.353147677434711760e-01 4.795167929471519375e-01
6.824764838496282238e-01 5.073496636999637044e-01
7.628291189118646676e-01 5.138598745256512945e-01
7.744971809699946474e-01 5.742101154825298703e-01
7.739280030518309594e-01 6.093038924517809596e-01
7.954210283214397936e-01 6.586821416102747184e-01
8.167809489410703394e-01 6.577548613048759263e-01
8.463349382180513913e-01 6.726725598576694942e-01
8.905791422589762751e-01 7.441956650322133493e-01
8.955607464861423672e-01 7.518138516605649135e-01
9.064486775448282740e-01 8.187217952790435405e-01
8.861638749559999084e-01 8.386360447863557832e-01
9.077699117071786894e-01 8.778575297678232747e-01
9.218710354982395661e-01 9.079236740191529709e-01
1.019508634790309287e+00 9.214769843744268218e-01
1.019115112344542773e+00 1.024977330709381462e+00
